2 0.197917 0.199074 0.071875 0.033333
2 0.195833 0.307407 0.072917 0.016667
2 0.198698 0.214815 0.072396 0.033333
2 0.197656 0.294444 0.075521 0.018519
2 0.197135 0.226389 0.072396 0.028704
2 0.197135 0.240741 0.074479 0.029630
2 0.198177 0.268056 0.074479 0.023148
2 0.197656 0.250463 0.074479 0.019444
2 0.191667 0.500926 0.095833 0.059259
2 0.195052 0.403704 0.090104 0.020370
2 0.195312 0.469907 0.087500 0.050926
2 0.073698 0.644907 0.043229 0.026852
2 0.188281 0.538426 0.097396 0.056481
2 0.191667 0.432870 0.095833 0.028704
2 0.078646 0.404630 0.045833 0.485185
2 0.194010 0.566204 0.085938 0.060185
2 0.154688 0.457407 0.018750 0.031481
2 0.197396 0.277778 0.075000 0.020370