2 0.158854 0.308333 0.172917 0.072222
2 0.171354 0.433796 0.078125 0.047222
2 0.166146 0.386111 0.183333 0.087037
2 0.213802 0.373148 0.023438 0.022222
2 0.166927 0.105093 0.134896 0.210185
2 0.074479 0.032407 0.042708 0.020370
2 0.165625 0.040278 0.127083 0.080556
2 0.204167 0.353704 0.025000 0.024074
6 0.163542 0.308796 0.015625 0.041667
6 0.202604 0.403704 0.022917 0.053704
3 0.068113 0.114221 0.045770 0.055181
3 0.070481 0.172208 0.041035 0.055181
3 0.069955 0.228325 0.041035 0.058923
3 0.063379 0.286780 0.031040 0.050505
3 0.063642 0.347573 0.032618 0.050505
3 0.063905 0.414913 0.031040 0.074822