2 0.217188 0.555093 0.057292 0.065741
2 0.132031 0.178704 0.021354 0.157407
2 0.114844 0.527778 0.026562 0.085185
2 0.088802 0.187500 0.015104 0.134259
2 0.211458 0.296759 0.009375 0.060185
2 0.109375 0.188889 0.014583 0.135185
2 0.209635 0.223611 0.015104 0.204630
2 0.254688 0.226852 0.007292 0.153704
2 0.177604 0.292593 0.013542 0.062963
2 0.093229 0.524537 0.011458 0.084259
2 0.100781 0.526852 0.017188 0.085185
2 0.104427 0.161574 0.014063 0.078704
2 0.085677 0.526389 0.006771 0.089815
2 0.077344 0.525463 0.007812 0.089815
2 0.082031 0.183796 0.008854 0.119444
2 0.194792 0.299074 0.006250 0.051852
2 0.101042 0.145370 0.018750 0.094444
2 0.077604 0.182407 0.011458 0.122222
2 0.119531 0.148611 0.014063 0.099074
2 0.189323 0.224537 0.018229 0.199074
2 0.203385 0.229167 0.010937 0.189815
2 0.139583 0.229630 0.007292 0.055556
2 0.133594 0.195833 0.007812 0.128704
6 0.247917 0.432870 0.020833 0.060185
6 0.204948 0.493056 0.095312 0.193519
6 0.187760 0.459722 0.060937 0.125000