2 0.065104 0.495833 0.047917 0.037963
2 0.189323 0.545833 0.089063 0.017593
2 0.027604 0.172685 0.029167 0.076852
2 0.033333 0.307870 0.021875 0.075000
2 0.214844 0.621296 0.018229 0.038889
2 0.036719 0.438889 0.020313 0.062963
2 0.033073 0.597685 0.016146 0.043519
2 0.068490 0.556944 0.061979 0.041667
2 0.069792 0.612037 0.034375 0.044444
2 0.117708 0.600000 0.187500 0.112963
2 0.180208 0.481019 0.084375 0.026852
2 0.149219 0.125000 0.030729 0.018519
2 0.178385 0.467593 0.082812 0.027778
2 0.184635 0.143056 0.099479 0.023148
2 0.116146 0.541667 0.202083 0.240741
2 0.182292 0.625463 0.079167 0.060185
2 0.184635 0.424074 0.092188 0.012963
2 0.051562 0.031019 0.023958 0.049074
2 0.185677 0.267593 0.093229 0.014815
2 0.093750 0.640278 0.013542 0.028704
2 0.212760 0.615278 0.018229 0.036111
2 0.155729 0.609259 0.113542 0.096296
2 0.185704 0.176706 0.100877 0.036062
2 0.186527 0.299025 0.092654 0.044834
2 0.183512 0.396979 0.094298 0.030214
6 0.128125 0.139815 0.013542 0.112963
6 0.071354 0.272685 0.054167 0.082407
6 0.131771 0.396759 0.014583 0.099074
6 0.130469 0.270833 0.014063 0.099074
6 0.072656 0.408796 0.054688 0.084259
6 0.142708 0.397222 0.009375 0.092593
6 0.140365 0.149074 0.010937 0.107407
6 0.068750 0.130556 0.055208 0.087037
6 0.141927 0.275926 0.008854 0.094444
6 0.121615 0.502778 0.031771 0.055556